-0.491295	-2.18296	-27.8337
-0.491295	-2.18296	-27.8337
-0.7252574	-1.735359	-30.32125
-0.599887	-0.415111	-34.0237
0.0225201	1.3847	-36.2426
0.932554	3.46417	-37.2718
2.02463	5.59647	-37.4287
3.23047	7.55182	-37.0093
4.44226	9.22086	-36.258
5.38542	10.7875	-35.3583
6.02615	12.1821	-34.3366
6.18487	13.4039	-33.9731
5.77069	14.3964	-34.5137
4.8925	15.0138	-35.5106
3.70293	15.1339	-36.5634
2.36935	14.6904	-37.3309
1.00659	13.7317	-37.5572
-0.417754	12.5208	-37.095
-1.88505	11.1448	-35.8365
-3.84534	9.39418	-33.718
-6.28769	7.48095	-30.7336
-9.09912	5.70285	-26.9457
-12.1438	4.32159	-22.4773
-15.2389	3.52819	-17.497
-18.1592	3.41283	-12.1895
-20.6644	3.95114	-6.7217
-22.5394	5.02272	-1.18256
-23.6166	6.48314	4.52463
-23.8578	7.97914	10.2009
-23.3565	9.18294	15.566
-22.3093	9.85712	20.3124
-20.9802	9.88525	24.1093
-19.0653	9.05306	26.8316
-16.1307	7.24472	28.7086
-12.5243	4.69325	29.3794
-8.47999	1.83252	28.5803
-4.16977	-0.793144	26.2658
0.175876	-2.68344	22.6116
4.19501	-3.53701	17.9804
7.44583	-3.32094	12.8409
9.50608	-2.31102	7.78199
10.288	-0.972513	3.27942
9.968	0.292466	-0.343444
8.81552	1.21598	-2.6937
7.1189	1.71387	-3.44597
5.10183	1.90936	-2.95515
2.92313	1.91872	-1.42558
0.678489	1.84294	0.95509
-1.6087	1.75322	3.61538
-3.90805	1.67029	6.3394
-5.97122	1.58144	9.02344
-7.71361	1.48522	11.5813
-9.12958	1.30611	13.9261
-10.2658	0.906891	15.9605
-11.1514	0.288746	17.5739
-11.796	-0.517665	18.646
-12.1988	-1.52001	19.0554
-12.3486	-2.78073	18.6957
-12.1834	-4.3294	17.4913
-11.5829	-6.1491	15.4111
-10.3723	-8.15767	12.4796
-8.42309	-10.1768	8.78815
-6.07929	-11.9258	4.51739
-3.61501	-13.2291	-0.0153896
-1.30976	-14.0213	-4.37662
0.550431	-14.3471	-8.04326
1.61622	-14.343	-10.0189
1.74841	-14.149	-9.81877
0.987756	-13.7971	-7.34416
-0.276315	-13.2211	-3.69697
-1.49998	-12.4476	-0.680886
-2.54896	-11.6258	1.46365
-3.33718	-10.7976	2.62346
-3.80363	-10.0023	2.80749
-3.90178	-9.30868	2.13775
-3.57716	-8.77611	0.825865
-2.74512	-8.44741	-0.854974
-1.28463	-8.34983	-2.58881
1.01407	-8.45912	-4.06727
3.94868	-8.73831	-5.13573
7.01792	-9.21327	-5.68412
9.82993	-9.93009	-5.60878
12.0735	-10.9261	-4.78111
13.4955	-12.2086	-3.01328
13.8779	-13.7386	0.000366097
13.0917	-15.3417	4.45817
11.3756	-16.5456	9.63719
9.15911	-17.0794	14.6981
6.88083	-16.986	18.8413
4.95174	-16.218	21.4713
3.56492	-14.9046	22.4159
2.77807	-13.2094	21.5314
2.4977	-11.2813	18.8296
2.5332	-9.23327	14.4543
2.65373	-7.15919	8.65505
2.98816	-5.17643	1.76849
3.78769	-3.24471	-5.7869
4.80235	-1.24423	-13.5238
5.80758	0.835791	-20.9175
6.65404	2.88703	-27.4454
7.16323	4.92289	-32.6293
7.26109	6.81329	-36.0698
7.08054	8.30557	-37.4386
6.807	9.26462	-36.5031
6.60345	9.67717	-33.1666
6.55317	9.62037	-27.5943
6.43972	9.15902	-20.4361
5.98999	8.44404	-12.4499
5.05713	7.70795	-4.38947
3.62986	7.15002	2.99257
1.80428	6.82571	9.07474
-0.0954007	6.6156	15.0854
-1.89945	6.53124	21.0982
-3.52022	6.52733	26.6853
-4.91062	6.50342	31.4947
-6.04563	6.38098	35.1686
-6.9484	6.18038	37.5368
-7.6495	5.9972	38.587
-8.37836	5.68957	38.2935
-9.3187	5.13929	36.6513
-10.4368	4.40959	33.7006
-11.6738	3.51158	29.5165
-12.9418	2.42174	24.2174
-14.226	1.14633	17.9648
-15.4578	-0.334398	10.9824
-16.4688	-2.02889	3.51837
-17.1056	-3.82649	-4.06011
-17.2845	-5.47008	-11.1976
-16.9757	-6.75619	-17.6726
-16.0354	-7.8572	-24.5503
-14.5754	-8.41402	-31.1381
-12.819	-8.151	-36.6166
-10.9637	-7.01485	-40.3132
-9.08736	-5.17795	-41.759
-7.15313	-3.00136	-40.7223
-4.86182	-0.771153	-37.2303
-1.9036	1.16989	-31.5175
1.68797	2.29125	-24.0187
5.56907	2.16543	-15.3937
9.16715	0.718833	-6.44934
11.9447	-1.78039	2.01977
13.592	-4.74837	9.34695
14.1237	-7.49027	14.9861
13.8062	-9.44456	18.4245
13.0226	-10.218	19.1301
12.0246	-9.73939	16.7723
10.7024	-8.37888	12.0321
8.92243	-6.59907	5.47659
6.67534	-4.90127	-2.23276
4.17711	-3.65661	-10.3491
1.80301	-2.9455	-18.1281
-0.491295	-2.18296	-27.8337
-0.491295	-2.18296	-27.8337
-0.5996217	-0.4142599	-34.02498
0.02294743	1.385719	-36.24324
0.9330817	3.465244	-37.27197
2.025222	5.597483	-37.42855
3.2311	7.55267	-37.00895
4.442769	9.221659	-36.25756
5.385777	10.78823	-35.35781
6.026306	12.18273	-34.33628
6.184729	13.40443	-33.97329
5.7703	14.39676	-34.51417
4.891933	15.01393	-35.51114
3.702271	15.13375	-36.56384
2.368677	14.68997	-37.33109
1.005881	13.73112	-37.55706
-0.4184603	12.52014	-37.09447
-1.885963	11.14396	-35.83555
-3.846508	9.393225	-33.71661
-6.289057	7.480026	-30.7318
-9.100623	5.702096	-26.94354
-12.14535	4.321112	-22.47486
-15.2404	3.528046	-17.49438
-18.16052	3.413023	-12.18678
-20.66543	3.951617	-6.718945
-22.54004	5.023419	-1.17972
-23.61682	6.483907	4.527489
-23.85763	7.979795	10.20364
-23.35603	9.183353	15.56847
-22.30865	9.857216	20.31444
-20.97939	9.884969	24.11077
-19.06394	9.052267	26.83266
-16.12896	7.243514	28.70911
-12.52232	4.691825	29.37919
-8.477857	1.831143	28.57933
-4.167582	-0.7942052	26.26412
0.1779532	-2.684005	22.60938
4.196759	-3.537026	17.97786
7.447025	-3.320505	12.83832
9.506622	-2.310364	7.77965
10.28796	-0.9718509	3.277476
9.967509	0.292981	-0.3448068
8.814724	1.216276	-2.694256
7.11792	1.713998	-3.445864
5.100753	1.909381	-2.954506
2.922013	1.918687	-1.424465
0.6773511	1.842895	0.9564046
-1.609864	1.753178	3.616741
-3.909119	1.670247	6.340753
-5.972134	1.581392	9.02474
-7.714355	1.485157	11.5825
-9.13018	1.305938	13.92716
-10.26627	0.9066092	15.96137
-11.15175	0.2883625	17.57451
-11.79623	-0.5181372	18.6463
-12.19891	-1.520605	19.05532
-12.34856	-2.781468	18.69521
-12.18316	-4.330279	17.49037
-11.58238	-6.150089	15.40974
-10.3714	-8.158697	12.47784
-8.421949	-10.17772	8.78607
-6.078056	-11.92651	4.515131
-3.613819	-13.22956	-0.01762255
-1.308757	-14.02151	-4.378578
0.5510795	-14.34713	-8.044511
1.616402	-14.34292	-10.01908
1.748135	-14.14885	-9.817822
0.9871304	-13.79684	-7.34228
-0.2769418	-13.22073	-3.695365
-1.500532	-12.44719	-0.6796948
-2.549391	-11.62539	1.464355
-3.337456	-10.79719	2.623669
-3.803728	-10.00194	2.80725
-3.901675	-9.30839	2.137158
-3.576814	-8.775918	0.825052
-2.744475	-8.44733	-0.8558572
-1.283597	-8.349863	-2.589593
1.015492	-8.459237	-4.067863
3.950224	-8.73852	-5.136075
7.019379	-9.213595	-5.684167
9.83114	-9.930552	-5.60847
12.07433	-10.92671	-4.780358
13.49584	-12.20934	-3.011961
13.87765	-13.73942	0.002452011
13.09093	-15.34238	4.460722
11.37453	-16.54594	9.639786
9.157948	-17.07944	14.70034
6.879808	-16.98569	18.84281
4.950971	-16.2174	21.472
3.564454	-14.90379	22.41569
2.777877	-13.20846	21.53027
2.497692	-11.28028	18.82761
2.533264	-9.23223	14.45156
2.653824	-7.158182	8.651719
2.988517	-5.175467	1.764767
3.788186	-3.243722	-5.790778
4.802866	-1.243196	-13.52757
5.808029	0.8368306	-20.9209
6.65435	2.888047	-27.44819
7.163324	4.923872	-32.63126
7.261023	6.814097	-36.07076
7.080404	8.306119	-37.43843
6.806881	9.264892	-36.50173
6.60341	9.677195	-33.16406
6.553141	9.620184	-27.59087
6.43955	9.158681	-20.43216
5.989588	8.443661	-12.44583
5.056474	7.707641	-4.385647
3.628984	7.149836	2.995766
1.803325	6.82559	9.077716
-0.09632083	6.615543	15.08843
-1.900287	6.531234	21.10107
-3.520945	6.527327	26.68782
-4.91122	6.503372	31.4967
-6.046108	6.380885	35.16994
-6.948775	6.180278	37.53749
-7.649837	5.997083	38.58702
-8.378805	5.68932	38.29284
-9.31924	5.138946	36.64998
-10.43741	4.409163	33.69865
-11.67444	3.511061	29.51398
-12.94244	2.421125	24.21438
-14.22663	1.145617	17.96138
-15.45834	-0.3352213	10.97871
-16.46917	-2.029789	3.514563
-17.10575	-3.827351	-4.063774
-17.28442	-5.470742	-11.20081
-16.97531	-6.756784	-17.67602
-16.03472	-7.857569	-24.55368
-14.57454	-8.414	-31.14102
-12.81808	-8.150536	-36.61871
-10.96277	-7.014	-40.31423
-9.086405	-5.176876	-41.7588
-7.152059	-3.00024	-40.72085
-4.860429	-0.7701134	-37.2277
-1.901869	1.170585	-31.51394
1.689908	2.291357	-24.01448
5.570941	2.164864	-15.38922
9.168668	0.717684	-6.445001
11.94567	-1.781859	2.023612
13.59239	-4.74981	9.350012
14.12362	-7.491376	14.98813
13.80584	-9.445108	18.42523
13.02213	-10.2179	19.12927
12.02399	-9.738793	16.77019
10.70157	-8.37801	12.02901
8.921355	-6.598182	5.472834
6.674102	-4.900578	-2.236815
4.175879	-3.656197	-10.35308
1.802014	-2.945272	-18.13166
